obj kitchen 1 19.980770111083984 19.734329223632812 0.43380099534988403 90.0 0.0 0.0
obj table 2 24.829169230769235 31.508800000000004 1.0954 90.0 0.0 90.0
obj chair 0 16.19869230769231 34.938456492307694 2.72649 90.0 0.0 90.0
obj chair 0 16.19869230769231 31.94494110769231 2.72649 90.0 0.0 90.0
fbx woman 2 18.27460512820513 21.4719 1.0 90.0 0.0 90.0
fbx boy 2 9.768215384615386 31.14163846153846 1.0 90.0 0.0 90.0
obj table 0 27.072820512820517 8.76953076923077 1.0477037522941828 90.0 0.0 90.0
obj chair 2 22.288256410256412 21.83676923076923 4.4529 90.0 0.0 90.0
fbx girl 0 11.820041025641025 32.83731538461539 1.0 90.0 0.0 90.0 
obj plate 2 22.624169230769233 27.336314497041705 4.876241505198479 90.0 0.0 0.0
obj plate 2 22.624169230769233 33.32334526627247 4.876241505198479 90.0 0.0 0.0 
obj television 0 26.060320512820518 6.9920307692307695 2.720931252490878 90.0 0.0 0.0
