4 0.0 0.0 0.0 90.0 0.0 0.0
9 3.837486410256414 0.7982769230769229 0.6616 90.0 0.0 90.0
8 1.0265735897435917 1.0092923076923057 0.6139037522941828 90.0 0.0 90.0
5 12.73752743589744 0.5738957492307719 2.8681908999999997 90.0 0.0 90.0
1 -0.10342641025640731 12.405176923076919 0.5662 90.0 0.0 90.0
2 -5.127990512820514 10.1095 0.5662 90.0 0.0 90.0
3 -4.727990512820513 -12.540784615384617 0.5662 90.0 0.0 90.0
6 -8.491641794871793 7.558764980000003 2.8681908999999997 90.0 0.0 90.0
7 15.770265897435905 7.558764980000003 2.8681908999999997 90.0 0.0 90.0
12 -1.3155730512820476 -0.2314742307692299 2.6082279999999995 90.0 0.0 0.0
10 0.17657358974359028 1.1724692307692308 2.54604 90.0 0.0 0.0
11 3.209312051282051 0.17463076923077026 2.54604 90.0 0.0 0.0
