4 19.980770111083984 19.734329223632812 0.43380099534988403 90.0 0.0 0.0
8 25.840082051282053 25.521769230769234 1.0954 90.0 0.0 90.0
5 14.176866666666669 28.95142572307692 2.72649 90.0 0.0 90.0
6 14.176866666666669 24.960071876923077 2.72649 90.0 0.0 90.0
3 11.198215384615386 25.463253846153847 1.0 90.0 0.0 90.0
1 19.877343589743592 19.167576923076922 1.0 90.0 0.0 90.0
9 19.996430769230773 4.7781769230769235 1.0477037522941828 90.0 0.0 90.0
7 22.288256410256412 34.80866923076923 4.4529 90.0 0.0 90.0
2 7.7763897435897436 27.848123076923077 1.0 90.0 0.0 90.0
10 27.678733333333337 25.34063757396478 4.876241505198479 90.0 0.0 0.0
11 28.68964615384616 29.331991420118623 4.876241505198479 90.0 0.0 0.0
12 18.983930769230774 4.996353846153847 2.720931252490878 90.0 0.0 0.0
