kitchen_m.obj 4 0.0 0.0 0
table_l.obj 8 21.229169230769234 25.943800000000003 1.0
chair_s.obj 5 15.163692307692308 33.926507692307695 1.0
chair_s.obj 6 15.163692307692308 30.93299230769231 1.0
woman_l.fbx 3 16.17460512820513 12.971900000000002 1.0
boy_l.fbx 1 9.098215384615386 26.94163846153846 1.0
table_s.obj 9 25.272820512820516 5.98703076923077 1.0
chair_l.obj 7 20.218256410256412 19.956769230769233 1.0
girl_s.fbx 2 11.120041025641026 28.937315384615385 1.0
plate_l.obj 10 21.229169230769234 25.943800000000003 4.55968
plate_l.obj 11 21.229169230769234 31.93083076923077 4.55968
television_s.obj 12 25.272820512820516 5.98703076923077 2.77984
